1 2 4 -1 9999999 -1 0 1.20879 551 1.98397 1097 1.43064 1440 1.69231
1 3 4 -1 9999999 -1 0 1.71429 528 1.84448 1008 1.68874 1440 1.77391
2 1 4 -1 9999999 -1 0 1.1828 511 2.43842 1077 2.46269 1440 1.21771
2 4 4 -1 9999999 -1 0 3.71147 537 4.15172 1026 6.36364 1440 4.60949
2 5 4 -1 9999999 -1 0 0.899705 562 0.928463 1132 1.50617 1440 0.817694
3 1 4 -1 9999999 -1 0 1.22156 557 1.74359 1116 1.92453 1440 1.33683
3 6 4 -1 9999999 -1 0 2.95815 557 3.34421 1009 3.34967 1440 3.14417
3 7 4 -1 9999999 -1 0 0.73724 512 0.977444 1083 0.915493 1440 0.658784
4 2 4 -1 9999999 -1 0 3.83929 563 7.73779 1018 7.69821 1440 3.87887
5 2 4 -1 9999999 -1 0 0.760598 567 1.32609 1069 0.881503 1440 0.695553
5 8 4 -1 9999999 -1 0 0.944882 526 1.19284 1145 0.966184 1440 1.12994
6 3 4 -1 9999999 -1 0 3.97287 550 5.01223 1112 3.36617 1440 3.17337
6 9 4 -1 9999999 -1 0 0.308642 560 0.393701 1059 0.352609 1440 0.345304
7 3 4 -1 9999999 -1 0 0.442679 543 0.9375 1118 0.659898 1440 0.484472
7 10 4 -1 9999999 -1 0 4.02141 546 4.36153 1130 5.59575 1440 3.5397
7 11 4 -1 9999999 -1 0 3.54887 534 6.37838 1029 5.41284 1440 3.00637
8 5 4 -1 9999999 -1 0 1.04895 548 1.04895 1092 1.05634 1440 0.813008
8 12 4 -1 9999999 -1 0 0.668449 529 0.770416 1128 0.968992 1440 0.62422
8 13 4 -1 9999999 -1 0 3.38505 563 3.66972 1056 4.75248 1440 3.31034
9 6 4 -1 9999999 -1 0 0.308261 540 0.568182 1059 0.603865 1440 0.437828
9 14 4 -1 9999999 -1 0 2.03814 556 2.9636 1140 3.20225 1440 2.12159
9 15 4 -1 9999999 -1 0 1.5739 525 1.20411 1084 1.59844 1440 0.966981
10 7 4 -1 9999999 -1 0 3.16106 531 6.27685 1114 5.17717 1440 4.26948
10 16 4 -1 9999999 -1 0 6.14743 517 8.8755 1167 8.8755 1440 5.15152
10 17 4 -1 9999999 -1 0 6.42289 515 8.4696 1079 5.54945 1440 6.29283
11 7 4 -1 9999999 -1 0 3.19783 512 5.82716 1096 5.31532 1440 2.96482
11 18 4 -1 9999999 -1 0 0.465686 510 0.517711 1001 0.628099 1440 0.450237
12 8 4 -1 9999999 -1 0 0.628931 534 0.915751 1007 1.47059 1440 0.94162
12 19 4 -1 9999999 -1 0 3.99478 512 4.67176 1040 5.98826 1440 4.41558
12 20 4 -1 9999999 -1 0 3.22414 546 3.45018 1071 5.26761 1440 3.57553
13 8 4 -1 9999999 -1 0 4.33996 511 3.63636 1044 5.7554 1440 3.12094
14 9 4 -1 9999999 -1 0 2.93814 510 4.47644 998 2.38494 1440 3.07554
14 21 4 -1 9999999 -1 0 0.196078 558 0.195783 1153 0.301624 1440 0.185449
15 9 4 -1 9999999 -1 0 1.05943 523 1.92941 1144 1.79039 1440 1.15819
15 22 4 -1 9999999 -1 0 0.346021 530 0.371058 1019 0.357782 1440 0.274725
16 10 4 -1 9999999 -1 0 6.05479 554 13.0769 1018 6.38728 1440 6.13037
17 10 4 -1 9999999 -1 0 5.13995 525 8.7069 1135 11.8129 1440 4.57014
17 23 4 -1 9999999 -1 0 2.80822 544 4.52539 1133 4.93976 1440 2.92023
17 24 4 -1 9999999 -1 0 0.591647 510 0.90106 1166 0.73487 1440 0.602125
17 25 4 -1 9999999 -1 0 4.74088 559 4.51554 1147 5.15658 1440 3.24147
18 11 4 -1 9999999 -1 0 0.589147 548 0.520548 1049 1.08883 1440 0.56213
18 26 4 -1 9999999 -1 0 3.26329 525 4.73118 1018 4.0553 1440 3.62637
18 27 4 -1 9999999 -1 0 2.31362 542 4.4226 1065 4.98615 1440 3.13589
19 12 4 -1 9999999 -1 0 4.40288 545 7.44526 1163 8.71795 1440 4.29173
20 12 4 -1 9999999 -1 0 2.3463 551 3.15878 1128 2.52703 1440 3.19658
20 28 4 -1 9999999 -1 0 2.64177 527 3.99582 1026 4.87245 1440 2.43003
20 29 4 -1 9999999 -1 0 3.93241 530 5.68889 1160 4.01254 1440 3.40426
20 30 4 -1 9999999 -1 0 6.61509 531 7.53304 1059 4.64043 1440 5.18968
21 14 4 -1 9999999 -1 0 0.180305 512 0.317848 1015 0.247148 1440 0.217391
21 31 4 -1 9999999 -1 0 0.197269 562 0.327456 1142 0.233813 1440 0.153483
22 15 4 -1 9999999 -1 0 0.23175 566 0.332779 999 0.454545 1440 0.317965
22 32 4 -1 9999999 -1 0 0.345781 524 0.385208 1159 0.65445 1440 0.485437
23 17 4 -1 9999999 -1 0 3.42237 568 3.23344 1143 2.81593 1440 2.46394
23 33 4 -1 9999999 -1 0 2.91737 517 2.73734 1099 3.12839 1440 2.80389
23 34 4 -1 9999999 -1 0 5.382 523 4.62774 1145 5.17129 1440 5.61062
24 17 4 -1 9999999 -1 0 0.973282 518 0.896309 1072 1.07822 1440 0.891608
25 17 4 -1 9999999 -1 0 3.6756 566 5.21097 1141 5.30043 1440 3.10692
25 35 4 -1 9999999 -1 0 3.62295 555 3.19826 1063 4.48276 1440 3.72681
25 36 4 -1 9999999 -1 0 2.42344 563 2.7451 1026 3.18739 1440 2.23862
26 18 4 -1 9999999 -1 0 3.1466 511 5.37678 994 7.41573 1440 4.02439
26 37 4 -1 9999999 -1 0 2.00946 525 4.87106 1100 2.526 1440 3.36634
26 38 4 -1 9999999 -1 0 10.1373 522 7.27145 1149 9.05429 1440 7.01493
27 18 4 -1 9999999 -1 0 2.10773 515 2.55682 1119 2.87081 1440 2.1102
27 39 4 -1 9999999 -1 0 3.91201 518 5.27244 1148 4.47619 1440 4.88856
27 40 4 -1 9999999 -1 0 7.06458 512 6.36684 1015 8.00443 1440 5.4697
28 20 4 -1 9999999 -1 0 2.35222 564 4.46262 1124 4.1342 1440 3.82
28 41 4 -1 9999999 -1 0 0.125 557 0.176056 1027 0.181818 1440 0.144928
29 20 4 -1 9999999 -1 0 3.01176 533 4.8855 1138 5.02947 1440 4.57961
30 20 4 -1 9999999 -1 0 3.83838 563 5.10448 1057 9.88439 1440 4.75661
31 21 4 -1 9999999 -1 0 0.186782 553 0.207337 1114 0.298165 1440 0.201238
31 42 4 -1 9999999 -1 0 0.170604 553 0.384615 1062 0.26749 1440 0.18598
32 22 4 -1 9999999 -1 0 0.284091 542 0.363901 1132 0.569476 1440 0.320102
33 23 4 -1 9999999 -1 0 2.01632 557 4.61333 1070 4.42455 1440 2.16792
33 43 4 -1 9999999 -1 0 1.31673 565 1.2437 1043 1.76611 1440 0.978836
33 44 4 -1 9999999 -1 0 3.01562 535 2.96467 1120 3.71154 1440 2.21584
34 23 4 -1 9999999 -1 0 5.19672 569 4.47109 1135 7.56563 1440 4.30122
34 45 4 -1 9999999 -1 0 3.65059 541 7.9096 1136 7.82123 1440 3.8835
35 25 4 -1 9999999 -1 0 2.88136 568 4.46465 1014 3.536 1440 4.07749
35 46 4 -1 9999999 -1 0 2.15116 550 3.00813 1116 2.01361 1440 1.93464
35 47 4 -1 9999999 -1 0 5.24366 546 5.18304 1157 6.8798 1440 3.37516
36 25 4 -1 9999999 -1 0 2.29798 532 3.82353 1156 2.8 1440 3.3829
36 37 4 -1 9999999 -1 0 1.2233 555 1.27789 1057 0.931953 1440 1.14754
37 26 4 -1 9999999 -1 0 2.72873 512 2.48175 1012 2.3416 1440 3.2197
37 36 4 -1 9999999 -1 0 1.12299 565 0.967742 1115 0.922401 1440 1.05705
38 26 4 -1 9999999 -1 0 8.09077 560 8.76271 1156 10.9072 1440 6.59439
38 39 4 -1 9999999 -1 0 4.17208 543 4.09888 1090 6.04706 1440 4.22003
39 27 4 -1 9999999 -1 0 4.59497 530 8.94022 1141 4.5758 1440 5.78207
39 38 4 -1 9999999 -1 0 3.04142 568 6.72775 1108 4.90458 1440 2.86192
39 48 4 -1 9999999 -1 0 3.08271 528 4.44846 1129 5.32468 1440 3.00366
40 27 4 -1 9999999 -1 0 4.74376 567 6.11864 1058 7.39754 1440 4.03803
40 49 4 -1 9999999 -1 0 3.3888 510 4.09506 1098 4.39216 1440 3.58974
40 50 4 -1 9999999 -1 0 2.24652 541 2.24652 1074 2.0434 1440 1.95841
41 28 4 -1 9999999 -1 0 0.165289 553 0.178891 1075 0.141844 1440 0.157729
41 51 4 -1 9999999 -1 0 1.40071 516 1.28664 1027 2.10106 1440 1.34354
41 52 4 -1 9999999 -1 0 4.50237 566 9.20097 1052 7.45098 1440 5.06667
42 31 4 -1 9999999 -1 0 0.150637 515 0.204403 1091 0.17663 1440 0.198777
43 33 4 -1 9999999 -1 0 0.99865 529 1.45098 1102 1.08504 1440 1.19355
43 53 4 -1 9999999 -1 0 0.569106 554 0.717949 1024 0.889831 1440 0.503597
44 33 4 -1 9999999 -1 0 2.75321 542 2.6584 1073 4.73039 1440 3.81423
44 54 4 -1 9999999 -1 0 1.29581 557 1.35431 1158 2.12446 1440 1.68654
44 55 4 -1 9999999 -1 0 2.57325 564 4.54955 1021 4.2616 1440 2.96623
45 34 4 -1 9999999 -1 0 5.36398 551 5.61122 1040 5.71429 1440 4.63576
45 56 4 -1 9999999 -1 0 4.14365 540 6.49351 1108 7.42574 1440 3.73599
46 35 4 -1 9999999 -1 0 1.75563 527 2.263 1064 3.10273 1440 2.73567
46 57 4 -1 9999999 -1 0 0.714286 512 0.837283 1098 0.992509 1440 0.757143
47 35 4 -1 9999999 -1 0 3.32099 565 5.28487 1005 7.55618 1440 5.38
47 58 4 -1 9999999 -1 0 1.82099 534 3.07292 1088 1.89406 1440 1.5903
47 59 4 -1 9999999 -1 0 3.28098 530 5.5132 1123 3.07692 1440 2.65162
48 39 4 -1 9999999 -1 0 4.53875 567 4.78599 1162 4.52206 1440 3.66071
48 60 4 -1 9999999 -1 0 0.196078 510 0.228385 1018 0.232558 1440 0.204978
48 61 4 -1 9999999 -1 0 6.01653 520 8.68735 1015 6.14865 1440 4.70284
49 40 4 -1 9999999 -1 0 2.68263 534 3.06011 1088 3.40944 1440 2.52537
49 61 4 -1 9999999 -1 0 6.65414 514 8.85 1111 5.05714 1440 5.38813
49 62 4 -1 9999999 -1 0 1.48883 522 1.90779 1047 3.0303 1440 1.41343
50 40 4 -1 9999999 -1 0 2.00355 557 1.76287 1011 2.02509 1440 1.40898
50 63 4 -1 9999999 -1 0 4.82707 531 4.89329 1127 5.31457 1440 3.85354
50 64 4 -1 9999999 -1 0 1.97161 534 1.99681 1011 2.52525 1440 1.44844
51 41 4 -1 9999999 -1 0 1.43636 517 1.08666 1114 2.16438 1440 1.29934
51 65 4 -1 9999999 -1 0 1.70144 557 2.53589 1077 1.6208 1440 1.49929
52 41 4 -1 9999999 -1 0 5.52326 516 10.8571 1013 5.82822 1440 5.46763
53 43 4 -1 9999999 -1 0 0.84 554 1.21387 1152 1.05 1440 0.532995
53 66 4 -1 9999999 -1 0 1.47232 528 2.72926 1042 1.76056 1440 1.49522
54 44 4 -1 9999999 -1 0 1.32708 513 1.39045 1072 1.82994 1440 1.92607
54 66 4 -1 9999999 -1 0 0.557554 541 0.574074 1034 0.553571 1440 0.418354
55 44 4 -1 9999999 -1 0 3.03759 536 3.69287 1128 4.10569 1440 2.37368
55 56 4 -1 9999999 -1 0 5.75269 539 6.6736 1094 5.45918 1440 4.30872
55 59 4 -1 9999999 -1 0 2.30068 568 3.10769 1140 3.57522 1440 3.95303
56 45 4 -1 9999999 -1 0 5.00835 542 7.17703 1057 5.39568 1440 3.94218
56 55 4 -1 9999999 -1 0 3.68119 533 5.83636 1097 5.79422 1440 3.76761
56 67 4 -1 9999999 -1 0 2.03767 538 1.58879 1113 3.4 1440 1.68555
57 46 4 -1 9999999 -1 0 0.719132 539 1.27404 993 0.794603 1440 0.863192
57 68 4 -1 9999999 -1 0 0.195627 518 0.405728 1010 0.279146 1440 0.317164
58 47 4 -1 9999999 -1 0 1.42169 556 1.85535 1140 2.65169 1440 1.3769
58 69 4 -1 9999999 -1 0 5.024 538 4.95268 1057 7.96954 1440 4.86068
58 70 4 -1 9999999 -1 0 2.2085 515 3.46983 1008 2.33672 1440 2.64368
59 47 4 -1 9999999 -1 0 2.77696 513 4.30206 1109 2.76878 1440 3.04207
59 55 4 -1 9999999 -1 0 3.11728 548 4.41048 1136 3.23718 1440 3.23718
59 71 4 -1 9999999 -1 0 0.642633 559 0.628834 1126 0.553306 1440 0.702055
60 48 4 -1 9999999 -1 0 0.232558 545 0.234506 1083 0.256881 1440 0.197183
60 72 4 -1 9999999 -1 0 3.07566 536 3.61004 1016 3.39383 1440 2.37009
61 48 4 -1 9999999 -1 0 5.80542 556 4.86631 1102 6.10738 1440 4.05797
61 49 4 -1 9999999 -1 0 4.22434 546 7.45263 1151 5.47141 1440 4.80978
61 73 4 -1 9999999 -1 0 6.53484 566 7.99539 1048 7.74554 1440 4.18577
61 74 4 -1 9999999 -1 0 17.1553 560 17.5893 1011 32.2951 1440 17.4852
62 49 4 -1 9999999 -1 0 2.18978 520 1.849 1020 3.35196 1440 1.44928
62 75 4 -1 9999999 -1 0 0.228833 566 0.408998 1122 0.485437 1440 0.269906
63 50 4 -1 9999999 -1 0 4.34959 553 8.51459 1064 6.6736 1440 4.0276
64 50 4 -1 9999999 -1 0 1.68464 527 2.33645 1063 1.80897 1440 1.71703
64 76 4 -1 9999999 -1 0 0.976431 528 1.3142 1108 2.52907 1440 1.65399
65 51 4 -1 9999999 -1 0 1.21839 533 2.16327 1066 1.75207 1440 1.24267
65 77 4 -1 9999999 -1 0 4.68048 559 4.44262 1098 5.49696 1440 3.79021
65 78 4 -1 9999999 -1 0 0.761773 512 1.16034 1073 1.22494 1440 0.77574
65 79 4 -1 9999999 -1 0 0.899015 558 1.10942 1109 1.34686 1440 1.11111
66 53 4 -1 9999999 -1 0 1.77557 554 2.20848 1142 3.64432 1440 1.42694
66 54 4 -1 9999999 -1 0 0.449275 512 0.655391 1168 0.698198 1440 0.431154
67 56 4 -1 9999999 -1 0 1.4 538 2.14029 1051 2.00337 1440 2.35178
67 80 4 -1 9999999 -1 0 3.63799 547 5.03722 1059 3.98039 1440 2.90415
68 57 4 -1 9999999 -1 0 0.286195 567 0.272436 1005 0.246734 1440 0.23224
69 58 4 -1 9999999 -1 0 6.13281 542 5.10569 1118 5.88015 1440 4.13702
70 58 4 -1 9999999 -1 0 1.87209 514 3.42553 1104 4.375 1440 2.576
70 81 4 -1 9999999 -1 0 1.9401 565 2.03274 1049 3.58173 1440 1.67982
70 82 4 -1 9999999 -1 0 4.18159 547 5.46823 1122 6.16981 1440 3.6991
71 59 4 -1 9999999 -1 0 0.662359 551 1.08466 1120 1.13573 1440 0.498783
71 80 4 -1 9999999 -1 0 5.52042 568 7.67399 990 7.338 1440 5.44863
72 60 4 -1 9999999 -1 0 3.18027 563 4.49519 997 2.55116 1440 2.13959
72 83 4 -1 9999999 -1 0 4.12371 526 6.61939 1139 3.91061 1440 3.58056
72 84 4 -1 9999999 -1 0 4.3824 516 5.63043 1010 3.88889 1440 3.13939
73 61 4 -1 9999999 -1 0 5.35494 549 9.17989 1114 9.10761 1440 3.85556
73 85 4 -1 9999999 -1 0 0.143885 526 0.17301 996 0.234742 1440 0.122699
73 86 4 -1 9999999 -1 0 5.57312 530 3.97743 1096 6.65094 1440 5.13661
74 61 4 -1 9999999 -1 0 15.5937 539 22.3864 1065 16.038 1440 15.1151
74 87 4 -1 9999999 -1 0 2.79015 555 3.42939 1072 4.39926 1440 3.22493
74 88 4 -1 9999999 -1 0 2.84341 528 5.22727 1012 5.09852 1440 2.91549
75 62 4 -1 9999999 -1 0 0.361011 526 0.512821 1160 0.305344 1440 0.250627
75 89 4 -1 9999999 -1 0 0.145985 560 0.186625 1043 0.217786 1440 0.206186
76 64 4 -1 9999999 -1 0 1.12549 518 1.30045 1058 1.94196 1440 1.6141
76 90 4 -1 9999999 -1 0 1.97109 569 4.17827 1028 2.34375 1440 2
77 65 4 -1 9999999 -1 0 3.91053 519 6.4218 1089 4.08748 1440 5.02783
77 91 4 -1 9999999 -1 0 7.98058 529 6.53418 1088 5.96517 1440 6.16192
77 92 4 -1 9999999 -1 0 4.09953 548 10.3904 1132 8.39806 1440 4.2402
77 93 4 -1 9999999 -1 0 2.68222 537 2.9393 1108 2.75037 1440 2.78366
78 65 4 -1 9999999 -1 0 0.982143 522 0.846154 1010 0.773558 1440 0.612472
78 90 4 -1 9999999 -1 0 0.671141 532 0.686813 990 0.680272 1440 0.592417
79 65 4 -1 9999999 -1 0 1.14062 526 1.25 1027 1.10106 1440 1.01813
79 94 4 -1 9999999 -1 0 1.171 566 1.171 1100 1.09948 1440 0.864198
80 67 4 -1 9999999 -1 0 2.57942 550 4.69907 1130 4.89157 1440 3.68421
80 71 4 -1 9999999 -1 0 5.19851 545 5.68521 1062 9.7669 1440 5.31052
80 95 4 -1 9999999 -1 0 2.59569 524 3.21958 1116 3.55155 1440 2.42458
80 96 4 -1 9999999 -1 0 1.80328 525 3.66667 1025 2.9668 1440 2.47834
81 70 4 -1 9999999 -1 0 2.47098 544 2.4792 1140 2.25076 1440 2.52542
81 97 4 -1 9999999 -1 0 1.21359 511 1.12952 1094 1.13122 1440 1.00806
82 70 4 -1 9999999 -1 0 5.75704 540 8.72 1103 7.71226 1440 4.10804
82 98 4 -1 9999999 -1 0 1.55272 547 3.01124 1008 2.51407 1440 2.25589
82 99 4 -1 9999999 -1 0 0.786802 541 0.828877 1139 0.870787 1440 0.704545
83 72 4 -1 9999999 -1 0 4.0404 527 4.06386 1093 6.32054 1440 4.72973
83 100 4 -1 9999999 -1 0 1.63855 531 1.85792 1055 2.42424 1440 2.0178
83 101 4 -1 9999999 -1 0 2.50605 546 5.43307 1056 2.83562 1440 2.94034
84 72 4 -1 9999999 -1 0 4.04056 524 7.61765 1089 4.30233 1440 3.50474
84 102 4 -1 9999999 -1 0 1.37931 529 2.43655 1155 1.44361 1440 1.42857
84 103 4 -1 9999999 -1 0 2.75441 565 2.81553 1079 4.01186 1440 3.8015
85 73 4 -1 9999999 -1 0 0.18315 519 0.140845 1050 0.219298 1440 0.120627
85 104 4 -1 9999999 -1 0 1.89831 542 2.5 1138 1.63504 1440 1.65192
85 105 4 -1 9999999 -1 0 1.45363 520 3.47305 1152 1.59122 1440 1.46096
86 73 4 -1 9999999 -1 0 3.72523 552 4.25339 1001 7.60108 1440 4.26626
86 106 4 -1 9999999 -1 0 16.2113 532 22.8792 1165 14.4246 1440 10.4094
86 107 4 -1 9999999 -1 0 3.41019 532 5.5315 1157 6.38636 1440 4.53226
87 74 4 -1 9999999 -1 0 2.96389 564 3.55755 1020 3.28729 1440 3.35211
87 106 4 -1 9999999 -1 0 1.56835 542 2.77354 1029 2.26611 1440 1.27784
88 74 4 -1 9999999 -1 0 2.57463 558 4.95215 1085 5.33505 1440 2.38205
88 108 4 -1 9999999 -1 0 0.407911 554 0.725275 1136 0.774648 1440 0.392857
89 75 4 -1 9999999 -1 0 0.187793 516 0.255864 1150 0.3125 1440 0.213904
90 76 4 -1 9999999 -1 0 2.02977 526 4.43787 1004 2.33645 1440 2.2831
90 78 4 -1 9999999 -1 0 0.816993 561 0.94518 1026 0.968992 1440 0.596659
91 77 4 -1 9999999 -1 0 4.57684 568 8.02734 1006 5.50201 1440 5.8967
91 109 4 -1 9999999 -1 0 1.26536 560 1.87614 1095 2.82967 1440 1.24096
92 77 4 -1 9999999 -1 0 6.43123 513 8.06527 1144 7.3774 1440 4.13381
93 77 4 -1 9999999 -1 0 2.07441 546 3.43284 1033 3.68737 1440 2.51366
93 110 4 -1 9999999 -1 0 2.95905 527 4.55285 1142 4.92308 1440 2.69231
94 79 4 -1 9999999 -1 0 0.950226 538 0.846774 1155 1.42534 1440 1.125
94 111 4 -1 9999999 -1 0 0.939948 511 2.0339 1020 1.25217 1440 1.24352
95 80 4 -1 9999999 -1 0 2.9726 542 3.64094 1004 3.45541 1440 3.0265
95 112 4 -1 9999999 -1 0 9.40407 523 8.92414 1163 15.9753 1440 7.40275
95 113 4 -1 9999999 -1 0 1.2948 511 2.69231 992 1.85124 1440 1.39825
96 80 4 -1 9999999 -1 0 2.20339 534 3.78307 1111 2.97917 1440 2.84294
96 114 4 -1 9999999 -1 0 1.37318 529 1.49123 1025 1.26677 1440 1.59774
96 115 4 -1 9999999 -1 0 3.66791 552 4.74359 1068 3.95194 1440 5.41133
97 81 4 -1 9999999 -1 0 0.837054 521 1.29534 1088 1.21359 1440 1.40713
97 116 4 -1 9999999 -1 0 2.79857 552 4.42254 1140 4.18667 1440 2.15956
97 117 4 -1 9999999 -1 0 7.5283 528 7.44403 1073 9.90074 1440 5.13514
98 82 4 -1 9999999 -1 0 2.08398 527 2.48609 1060 3.65123 1440 1.77483
98 118 4 -1 9999999 -1 0 1.06308 533 1.66362 1166 1.53199 1440 1.3246
99 82 4 -1 9999999 -1 0 0.714286 515 1.33333 1025 0.965732 1440 0.738095
100 83 4 -1 9999999 -1 0 2.24422 520 2.40708 1118 2.1118 1440 1.99706
100 119 4 -1 9999999 -1 0 3.70651 556 3.79257 1105 5.25751 1440 3.31978
100 120 4 -1 9999999 -1 0 4.62867 512 6.44231 1118 4.15504 1440 4.1875
100 121 4 -1 9999999 -1 0 7.02703 518 5.80542 1062 5.41667 1440 4.0853
101 83 4 -1 9999999 -1 0 2.33634 534 5.25381 1067 3.38235 1440 2.36571
102 84 4 -1 9999999 -1 0 1.44796 519 2.05567 1070 1.45455 1440 1.36752
102 116 4 -1 9999999 -1 0 2.18968 564 4.32507 1003 2.90203 1440 1.81293
102 121 4 -1 9999999 -1 0 6.38365 527 11.9764 1049 5.60773 1440 7.21137
103 84 4 -1 9999999 -1 0 3.40034 550 2.88352 1157 4.45175 1440 2.46061
104 85 4 -1 9999999 -1 0 1.64223 562 1.64223 1063 1.75274 1440 1.61151
105 85 4 -1 9999999 -1 0 1.31968 550 2.46809 1167 2.21797 1440 1.35041
106 86 4 -1 9999999 -1 0 10.1367 561 17.5889 1062 15.0084 1440 14.5425
106 87 4 -1 9999999 -1 0 1.90227 521 2.35931 1087 1.55937 1440 1.46505
106 122 4 -1 9999999 -1 0 4.49298 536 4.46512 1126 5.38318 1440 3.46154
107 86 4 -1 9999999 -1 0 4.26404 528 6.41552 1019 3.91911 1440 3.74667
107 123 4 -1 9999999 -1 0 2.59398 510 4.0668 998 3.83333 1440 3.71634
107 124 4 -1 9999999 -1 0 1.72466 520 1.62162 1017 1.67894 1440 1.67647
108 88 4 -1 9999999 -1 0 0.452675 569 0.483163 1131 0.585106 1440 0.444744
108 110 4 -1 9999999 -1 0 2.87373 546 3.49823 1122 2.87373 1440 2.20736
109 91 4 -1 9999999 -1 0 1.42659 552 2.2103 1126 2.79133 1440 1.48629
110 93 4 -1 9999999 -1 0 2.55708 546 3.65416 990 4.40945 1440 3.71476
110 108 4 -1 9999999 -1 0 2.98193 550 3.07932 1087 3.44948 1440 3.70093
111 94 4 -1 9999999 -1 0 1.24352 559 0.980926 1093 1.03746 1440 0.956175
111 125 4 -1 9999999 -1 0 4.80519 546 5.4071 1006 4.83209 1440 3.72126
112 95 4 -1 9999999 -1 0 7.41123 547 9.89297 1140 11.0034 1440 9.40407
112 126 4 -1 9999999 -1 0 0.821918 548 0.64 1006 1.16223 1440 0.580411
112 127 4 -1 9999999 -1 0 1.79604 543 1.66667 1098 2.02055 1440 1.48241
113 95 4 -1 9999999 -1 0 1.2963 538 2.46696 1005 2.34801 1440 1.34615
113 127 4 -1 9999999 -1 0 10.1721 521 13.6268 996 11.6071 1440 11.7967
113 128 4 -1 9999999 -1 0 1.88158 559 2.17325 1026 4.25595 1440 2.57658
114 96 4 -1 9999999 -1 0 1.10533 556 1.59176 1083 1.60377 1440 0.953984
115 96 4 -1 9999999 -1 0 4.02174 510 5.64886 1122 4.74359 1440 3.48645
115 129 4 -1 9999999 -1 0 6.4891 532 14.6049 1025 12.8537 1440 9.62298
116 97 4 -1 9999999 -1 0 2.58649 515 3.94472 1055 4.23181 1440 2.16253
116 102 4 -1 9999999 -1 0 2.24286 528 3.06641 1090 2.28198 1440 2.34328
116 130 4 -1 9999999 -1 0 1.40684 545 1.7619 1159 1.5 1440 1.51847
117 97 4 -1 9999999 -1 0 6.23438 524 6.70588 992 8.84701 1440 4.82467
117 121 4 -1 9999999 -1 0 5.07132 532 7.6555 1012 6.9869 1440 4.69208
117 131 4 -1 9999999 -1 0 2.04715 555 2.74542 1169 4.94012 1440 2.36052
117 132 4 -1 9999999 -1 0 2.81553 538 3.41751 1096 4.76526 1440 2.39669
118 98 4 -1 9999999 -1 0 1.21821 516 1.32075 1016 1.3246 1440 1.66058
119 100 4 -1 9999999 -1 0 4.29825 543 3.43137 1067 3.29301 1440 2.7968
119 124 4 -1 9999999 -1 0 4.2145 552 3.96871 1025 3.84828 1440 4.09091
119 133 4 -1 9999999 -1 0 2.06534 526 3.25368 991 4.4697 1440 2.33818
120 100 4 -1 9999999 -1 0 4.1358 528 6.16092 1125 5.21401 1440 4.21384
120 134 4 -1 9999999 -1 0 7.10744 524 8.30116 1063 5.95568 1440 8.33333
120 135 4 -1 9999999 -1 0 2.16507 563 3.07301 1082 2.95269 1440 3.5214
121 100 4 -1 9999999 -1 0 6.07679 540 4.93225 1031 5.15581 1440 4.5614
121 102 4 -1 9999999 -1 0 5.18518 526 6.90476 1123 7.57463 1440 5.76705
121 117 4 -1 9999999 -1 0 3.6405 560 7.27273 1043 6.10687 1440 5.66372
122 106 4 -1 9999999 -1 0 3.36842 553 8.13559 995 4.11429 1440 4.74465
122 123 4 -1 9999999 -1 0 9.24347 546 14.2675 1051 9.57265 1440 7.60181
122 136 4 -1 9999999 -1 0 3.71591 542 7.15536 1142 6.43701 1440 4.71861
123 107 4 -1 9999999 -1 0 2.39583 568 3.58752 1123 3.68984 1440 2.95292
123 122 4 -1 9999999 -1 0 9.76744 561 9.23077 1156 15.962 1440 12.5607
123 137 4 -1 9999999 -1 0 6.1236 559 9.53353 1018 5.46823 1440 5.39604
124 107 4 -1 9999999 -1 0 1.66423 527 1.69391 1045 1.57676 1440 1.49606
124 119 4 -1 9999999 -1 0 5.09124 518 5.82463 1027 5.76446 1440 4.25305
124 138 4 -1 9999999 -1 0 1.8427 536 2.92335 1109 2.60317 1440 2.43323
125 111 4 -1 9999999 -1 0 3.16626 565 4.55185 1135 6.31707 1440 4.71767
126 112 4 -1 9999999 -1 0 0.579011 557 0.764331 1114 0.935673 1440 0.702782
126 139 4 -1 9999999 -1 0 0.634731 564 1.04331 1141 0.931459 1440 0.677749
127 112 4 -1 9999999 -1 0 2.21388 535 3.09711 1147 2.51064 1440 2.33663
127 113 4 -1 9999999 -1 0 9.77444 538 8.84354 1032 14.2232 1440 8.1864
127 140 4 -1 9999999 -1 0 2.33909 548 2.24398 1138 2.36508 1440 1.70481
128 113 4 -1 9999999 -1 0 2.16667 523 2.2205 1014 4.15698 1440 2.05165
129 115 4 -1 9999999 -1 0 7.95252 531 10.0752 1012 8.42767 1440 9.76321
129 139 4 -1 9999999 -1 0 0.606061 534 1.04803 1005 0.897196 1440 0.76555
129 141 4 -1 9999999 -1 0 1.90128 522 1.38667 996 2.93785 1440 1.45863
130 116 4 -1 9999999 -1 0 1.68693 510 1.65672 1098 2.76808 1440 2.0442
131 117 4 -1 9999999 -1 0 2.07026 546 2.5268 1009 3.21012 1440 2.74542
131 142 4 -1 9999999 -1 0 1.64609 529 1.84049 1133 1.76211 1440 2.0339
131 143 4 -1 9999999 -1 0 2.14642 515 3.10096 1164 2.50485 1440 1.97248
132 117 4 -1 9999999 -1 0 3.61854 545 4.238 1135 3.93411 1440 2.43405
132 140 4 -1 9999999 -1 0 2.15013 532 2.2807 1002 2.80731 1440 2.089
132 144 4 -1 9999999 -1 0 5.38462 535 7.88732 992 5.76471 1440 4.75151
133 119 4 -1 9999999 -1 0 2.82297 518 2.51064 990 2.88744 1440 2.47552
133 145 4 -1 9999999 -1 0 0.936902 510 1.1036 1076 0.790323 1440 0.878136
134 120 4 -1 9999999 -1 0 6.69782 565 6.91318 1082 6.00559 1440 6.01399
134 142 4 -1 9999999 -1 0 4.52727 511 6.8595 998 3.8785 1440 3.84259
134 146 4 -1 9999999 -1 0 4.12587 535 7.15152 1099 7.05179 1440 4.33824
135 120 4 -1 9999999 -1 0 3.47409 533 2.58941 1012 3.01165 1440 3.44762
135 147 4 -1 9999999 -1 0 5.19713 548 6.69746 998 6.79157 1440 5.20646
135 148 4 -1 9999999 -1 0 5.51044 545 9.65447 1149 7.66129 1440 6.94444
135 149 4 -1 9999999 -1 0 3.86085 529 6.12554 1069 4.701 1440 3.72368
136 122 4 -1 9999999 -1 0 3.74142 562 5.50505 1103 7.5 1440 4.51034
136 137 4 -1 9999999 -1 0 9.63873 543 9.79442 1093 14.9217 1440 9.34174
136 150 4 -1 9999999 -1 0 1.99715 553 3.61757 1019 2.77778 1440 1.56425
137 123 4 -1 9999999 -1 0 3.67003 515 6.51394 1157 7.87952 1440 5.75704
137 136 4 -1 9999999 -1 0 11.9107 533 13.4205 1050 9.07483 1440 8.90521
137 151 4 -1 9999999 -1 0 2.04947 561 4.59103 1115 3.84956 1440 2.09386
138 124 4 -1 9999999 -1 0 2.00489 525 2.21323 1108 2.57457 1440 2.80342
138 152 4 -1 9999999 -1 0 2.40545 537 2.12283 1006 2.18407 1440 2.52381
139 126 4 -1 9999999 -1 0 0.883333 543 1.08607 1020 1.13734 1440 0.699208
139 129 4 -1 9999999 -1 0 0.629096 557 0.887246 1077 1.2 1440 0.636605
139 153 4 -1 9999999 -1 0 0.671296 548 1.71091 1115 1.47583 1440 1.14398
140 127 4 -1 9999999 -1 0 2.20414 562 4.42136 1093 2.09859 1440 1.89327
140 132 4 -1 9999999 -1 0 2.05346 560 2.30245 1034 2.55287 1440 3.17073
140 154 4 -1 9999999 -1 0 4.09091 541 3.98524 1013 4.07547 1440 2.52042
141 129 4 -1 9999999 -1 0 1.56627 531 2.53659 1035 2.93785 1440 1.51825
141 155 4 -1 9999999 -1 0 2.4772 522 3.65471 1161 4.26702 1440 1.9951
142 131 4 -1 9999999 -1 0 2.38095 549 2.68456 1072 3.05344 1440 1.65289
142 134 4 -1 9999999 -1 0 3.86646 515 5.30917 1068 3.36486 1440 3.12422
142 156 4 -1 9999999 -1 0 3.50746 514 6.77233 1113 3.17997 1440 2.93017
143 131 4 -1 9999999 -1 0 1.9755 560 2.89888 1023 2.07729 1440 1.43333
144 132 4 -1 9999999 -1 0 4.56345 517 6.65535 1095 6.04006 1440 7.28625
144 157 4 -1 9999999 -1 0 0.353982 548 0.5 993 0.561798 1440 0.22805
145 133 4 -1 9999999 -1 0 0.635538 514 0.870337 1098 1.01031 1440 0.811258
145 158 4 -1 9999999 -1 0 0.599022 543 0.702006 1065 1.07221 1440 0.584726
146 134 4 -1 9999999 -1 0 4.35961 534 5.37994 1045 9.17098 1440 4.13069
146 159 4 -1 9999999 -1 0 3.21762 534 3.75389 1169 4.65251 1440 2.80233
147 135 4 -1 9999999 -1 0 3.59802 515 7.49354 1168 4.23977 1440 4.63259
148 135 4 -1 9999999 -1 0 7.85124 567 8.54317 1041 9.33202 1440 6.35877
148 160 4 -1 9999999 -1 0 3.15372 543 2.71487 1002 3.44291 1440 2.50946
149 135 4 -1 9999999 -1 0 3.54637 514 7.62803 1164 3.79866 1440 3.26413
149 161 4 -1 9999999 -1 0 0.373333 561 0.380952 1039 0.674699 1440 0.317101
150 136 4 -1 9999999 -1 0 1.96629 519 2.16718 1117 2.34899 1440 1.87668
150 162 4 -1 9999999 -1 0 0.554804 533 0.699659 1051 0.600293 1440 0.769231
151 137 4 -1 9999999 -1 0 1.95946 525 3.24022 1009 3.37209 1440 1.97503
151 163 4 -1 9999999 -1 0 4.20024 565 4.96392 1071 5.84041 1440 5.06627
152 138 4 -1 9999999 -1 0 1.89511 558 2.98311 1151 3.05769 1440 2.20527
152 164 4 -1 9999999 -1 0 0.550847 513 0.677083 1164 0.740038 1440 0.496183
152 165 4 -1 9999999 -1 0 1.7477 552 1.80461 1111 3.91176 1440 1.96746
152 166 4 -1 9999999 -1 0 0.5 563 0.63893 1050 0.800745 1440 0.701468
153 139 4 -1 9999999 -1 0 0.796703 536 1.35198 1140 0.856721 1440 0.705596
153 167 4 -1 9999999 -1 0 6.26156 515 8.27225 1004 13.8596 1440 7.77049
154 140 4 -1 9999999 -1 0 3.36449 550 3.48387 1088 3.77622 1440 2.90323
154 168 4 -1 9999999 -1 0 2.45041 535 4.94118 1037 4.79452 1440 2.64484
154 169 4 -1 9999999 -1 0 1.46718 532 1.64265 1087 2.70784 1440 1.38015
155 141 4 -1 9999999 -1 0 1.88005 558 2.67652 1161 2.7395 1440 2.02989
155 170 4 -1 9999999 -1 0 1.08344 566 1.41005 1035 2.175 1440 1.01636
156 142 4 -1 9999999 -1 0 3.27755 566 5.4023 1141 5.73171 1440 2.80765
156 171 4 -1 9999999 -1 0 4.91803 538 6.79245 1005 10.7463 1440 5.74163
156 172 4 -1 9999999 -1 0 4.11326 553 3.77565 1043 5.58704 1440 3.65563
157 144 4 -1 9999999 -1 0 0.22805 524 0.4 1008 0.341297 1440 0.338409
158 145 4 -1 9999999 -1 0 0.584029 560 1.14486 1013 0.809917 1440 0.68917
159 146 4 -1 9999999 -1 0 3.15858 561 3.67378 1080 4.00998 1440 3.44286
160 148 4 -1 9999999 -1 0 3.44291 522 3.58559 1108 4.8301 1440 3.09487
160 173 4 -1 9999999 -1 0 4.59883 552 4.62598 1078 3.81494 1440 2.71991
160 174 4 -1 9999999 -1 0 1.2989 511 1.33013 992 1.56309 1440 1.32166
161 149 4 -1 9999999 -1 0 0.358056 532 0.551181 1027 0.402299 1440 0.347826
162 150 4 -1 9999999 -1 0 0.653908 510 0.752294 1043 0.548128 1440 0.659164
163 151 4 -1 9999999 -1 0 4.65494 543 7.96296 1134 8.01865 1440 4.63612
163 175 4 -1 9999999 -1 0 0.607235 564 0.735524 1099 0.699405 1440 0.756844
164 152 4 -1 9999999 -1 0 0.543933 534 0.593607 1034 0.681818 1440 0.488722
164 176 4 -1 9999999 -1 0 0.973282 562 1.32124 1143 1.30102 1440 0.643127
165 152 4 -1 9999999 -1 0 2.32517 559 1.77807 1168 2.58252 1440 2.58252
166 152 4 -1 9999999 -1 0 0.733788 543 0.879346 1073 0.669782 1440 0.641791
166 176 4 -1 9999999 -1 0 0.727969 520 0.748031 1092 0.604134 1440 0.707635
167 153 4 -1 9999999 -1 0 5.58962 530 8.92655 1167 6.76177 1440 9.34911
167 168 4 -1 9999999 -1 0 1.52644 545 1.70699 1018 2.05502 1440 2.46602
168 154 4 -1 9999999 -1 0 3.78378 513 3.56537 1032 4 1440 3.38164
168 167 4 -1 9999999 -1 0 1.87592 512 2.65136 1083 3.35092 1440 1.57178
168 171 4 -1 9999999 -1 0 1.77305 547 1.36612 1082 2.6455 1440 1.76991
168 177 4 -1 9999999 -1 0 1.29673 519 2.09434 1082 1.67169 1440 1.46438
169 154 4 -1 9999999 -1 0 1.74579 518 2.30303 1081 1.9965 1440 1.38182
169 178 4 -1 9999999 -1 0 0.169935 514 0.190896 1097 0.386905 1440 0.238971
170 155 4 -1 9999999 -1 0 1.2536 540 1.77914 1067 1.66667 1440 1.25723
170 179 4 -1 9999999 -1 0 4.20896 550 7.05 1083 7.21228 1440 3.89503
171 156 4 -1 9999999 -1 0 5.77849 543 5.4878 1152 5.28634 1440 7.01754
171 168 4 -1 9999999 -1 0 1.29199 557 2.74725 1107 2.24719 1440 1.28866
172 156 4 -1 9999999 -1 0 3.23564 550 4.46602 1073 4.7099 1440 3.92603
172 180 4 -1 9999999 -1 0 3.26866 515 4.4332 1036 3.10198 1440 2.43604
172 181 4 -1 9999999 -1 0 5.30097 559 3.68421 1047 6.54676 1440 5.46
173 160 4 -1 9999999 -1 0 2.86236 565 3.46608 1151 5.34091 1440 2.83133
173 182 4 -1 9999999 -1 0 3.83886 534 4.1681 1129 5.46067 1440 4.37838
173 183 4 -1 9999999 -1 0 1.3017 568 3.04843 1015 1.95255 1440 1.19687
174 160 4 -1 9999999 -1 0 1.13543 568 1.14011 1150 2.28022 1440 1.30094
174 184 4 -1 9999999 -1 0 1.184 517 1.08187 1123 1.33333 1440 1.20915
174 185 4 -1 9999999 -1 0 3.15353 560 4 1008 3.87755 1440 2.74368
175 163 4 -1 9999999 -1 0 0.753205 530 0.654596 1162 1.16915 1440 0.678211
175 186 4 -1 9999999 -1 0 1.49931 516 1.97464 1051 1.57061 1440 1.90559
176 164 4 -1 9999999 -1 0 0.781011 543 0.702479 1062 1.36364 1440 0.670171
176 166 4 -1 9999999 -1 0 0.678571 540 1.12094 1121 1.06742 1440 0.487179
176 187 4 -1 9999999 -1 0 1.14286 539 1.26801 1118 1.43322 1440 1.58845
177 168 4 -1 9999999 -1 0 1.32934 519 1.5812 1085 1.61103 1440 1.73981
177 188 4 -1 9999999 -1 0 0.542265 533 0.662768 993 0.546624 1440 0.650096
178 169 4 -1 9999999 -1 0 0.146067 535 0.295455 1017 0.176871 1440 0.187861
178 189 4 -1 9999999 -1 0 0.306279 563 0.32 1058 0.327332 1440 0.281294
179 170 4 -1 9999999 -1 0 3.54271 538 4.47619 1059 5.62874 1440 5.12727
179 190 4 -1 9999999 -1 0 0.2 537 0.207469 1153 0.19802 1440 0.113895
180 172 4 -1 9999999 -1 0 2.58865 536 3.79549 1108 3.95307 1440 2.9396
181 172 4 -1 9999999 -1 0 3.85049 557 5.4491 1030 8.17365 1440 5.19011
181 191 4 -1 9999999 -1 0 0.235426 519 0.510949 1153 0.43299 1440 0.328638
182 173 4 -1 9999999 -1 0 3.62687 546 3.79095 1005 5.67757 1440 3.21004
182 192 4 -1 9999999 -1 0 0.804911 537 0.804911 1093 0.906298 1440 0.797297
183 173 4 -1 9999999 -1 0 1.91756 525 3.17507 1031 2.9235 1440 1.20767
184 174 4 -1 9999999 -1 0 0.969856 534 0.990629 1135 1.05114 1440 0.828667
185 174 4 -1 9999999 -1 0 4.05694 556 6.55172 999 3.8255 1440 4.45312
185 193 4 -1 9999999 -1 0 4.26844 510 4.90278 995 8.95939 1440 5.74919
186 175 4 -1 9999999 -1 0 1.41192 537 2.63285 1103 2.5 1440 1.80763
186 192 4 -1 9999999 -1 0 3.76655 524 7.00224 1111 6.87912 1440 3.58945
186 194 4 -1 9999999 -1 0 4.4 526 5.5 1161 3.09859 1440 4.08163
187 176 4 -1 9999999 -1 0 1.04762 535 1.96868 1168 2.13592 1440 1.2828
188 177 4 -1 9999999 -1 0 0.554649 515 0.511278 1132 0.52795 1440 0.387244
188 195 4 -1 9999999 -1 0 0.167683 536 0.176849 1013 0.327381 1440 0.158501
189 178 4 -1 9999999 -1 0 0.291545 519 0.507614 1115 0.266667 1440 0.27137
190 179 4 -1 9999999 -1 0 0.111982 525 0.136986 1072 0.138313 1440 0.196078
190 196 4 -1 9999999 -1 0 0.251497 527 0.289256 1112 0.33871 1440 0.344262
191 181 4 -1 9999999 -1 0 0.277778 544 0.283401 1131 0.479452 1440 0.267516
191 193 4 -1 9999999 -1 0 0.763359 568 0.906344 1109 1.46699 1440 0.814111
192 182 4 -1 9999999 -1 0 0.730198 567 1.48241 1145 1.32584 1440 0.700713
192 186 4 -1 9999999 -1 0 6.23506 512 8.99425 1152 5.22538 1440 3.65228
192 197 4 -1 9999999 -1 0 2.99185 527 3.58438 1137 7.32194 1440 3.75731
193 185 4 -1 9999999 -1 0 5.17595 551 7.93258 1028 6.30357 1440 5.70275
193 191 4 -1 9999999 -1 0 1.05448 547 1.16054 991 0.854701 1440 1.00334
194 186 4 -1 9999999 -1 0 4.08163 542 4.88889 1099 5.61224 1440 3.63636
195 188 4 -1 9999999 -1 0 0.137672 527 0.268949 1029 0.268293 1440 0.161527
196 190 4 -1 9999999 -1 0 0.40856 519 0.491803 1018 0.312036 1440 0.262829
197 192 4 -1 9999999 -1 0 4.86742 544 3.46829 1123 6.74541 1440 4.7156
197 198 4 -1 9999999 -1 0 2.78205 559 3.73494 1034 3.82042 1440 3.02228
197 199 4 -1 9999999 -1 0 0.744681 510 1.09375 1154 0.892532 1440 0.782748
198 197 4 -1 9999999 -1 0 2.88948 517 2.92848 1097 3.50565 1440 2.54098
198 200 4 -1 9999999 -1 0 1.54167 564 2.5 1081 2.31733 1440 1.34058
199 197 4 -1 9999999 -1 0 0.922787 532 0.84048 1168 1.0041 1440 0.57715
199 201 4 -1 9999999 -1 0 2.31988 547 2.16981 1126 3.44754 1440 2.70588
199 202 4 -1 9999999 -1 0 0.634548 523 0.821918 1138 0.792952 1440 0.807175
200 198 4 -1 9999999 -1 0 1.41401 529 1.61572 1088 3 1440 1.70769
201 199 4 -1 9999999 -1 0 2.22069 518 4.07595 1122 2.16398 1440 3.09021
201 203 4 -1 9999999 -1 0 2.32 564 3.06069 990 1.78737 1440 1.60443
202 199 4 -1 9999999 -1 0 0.824427 568 1.53409 1132 1.58358 1440 0.665025
202 204 4 -1 9999999 -1 0 3.91502 546 5.31959 1139 5.75893 1440 4.18152
203 201 4 -1 9999999 -1 0 1.41463 556 2.61851 1034 3.17808 1440 2.24371
204 202 4 -1 9999999 -1 0 3.09724 531 3.60839 1110 3.77193 1440 4.20881
204 205 4 -1 9999999 -1 0 0.439024 553 0.526316 1081 0.630473 1440 0.613288
205 204 4 -1 9999999 -1 0 0.433735 562 0.514286 1141 0.530191 1440 0.565149
205 206 4 -1 9999999 -1 0 0.123874 534 0.304709 1097 0.264423 1440 0.147849
206 205 4 -1 9999999 -1 0 0.156472 539 0.243902 1108 0.175719 1440 0.131422
206 207 4 -1 9999999 -1 0 0.953608 545 1.66292 990 1.12977 1440 1.06475
207 206 4 -1 9999999 -1 0 0.985353 553 1.86869 1163 1.32143 1440 0.954839
